100 96
95 83
94 67
94 35
94 47
94 72
94 73
96 53
96 27
85 75
85 23
61 58
61 59
97 11
97 27
68 74
99 35
99 77
99 29
99 7
6 10
6 46
6 72
6 44
12 2
91 24
91 18
91 30
91 90
35 77
35 70
81 32
49 48
49 37
5 13
5 1
88 26
88 73
24 15
24 7
41 34
41 60
84 18
84 57
28 38
65 64
10 26
18 66
18 64
43 46
43 75
43 25
58 17
38 93
46 42
46 60
54 16
80 70
78 29
78 13
78 39
78 22
16 73
9 13
9 48
55 77
55 23
77 39
71 62
71 92
34 62
30 2
13 36
11 60
79 22
79 23
79 100
47 27
47 37
47 60
59 87
59 74
59 92
31 64
70 22
73 7
73 2
66 83
42 40
82 25
36 2
64 56
39 8
22 23
44 98
44 56
7 83
0 0