27
27054 6286 -27254 -13000 -16597 -9146 -11962 -29097 -20643 -16345 -26010 20213 29376 17593 -9038 -26884 -25267 27620 21302 -2768 26936 7050 28786 -16661 4321 -26417 3928       

복원 전 : -29097 -26884 -26417 -16661 -2768 3928 28786 

Ret : -29097 -20643 -16345 -9038 -2768 7050 28786





27054 6286 -27254 -13000 -16597 -9146 -11962 -29097 -20643 -16345 -26010 20213 29376 17593 -9038 -26884 -25267 27620 21302 -2768 26936 7050 28786 -16661 4321 -26417 3928       

복원 전 : -29097 -26884 -26417 -16661 -2768 3928 28786 

Ret : -29097 -20643 -16345 -9038 -2768 7050 28786